 6.871959209442139 10.266735076904297
 6.674840450286865 9.62038803100586
 6.047585964202881 9.30506706237793
 4.832488059997559 9.359933853149414
 4.339630126953125 9.583526611328125
 3.7466602325439453 9.54037094116211
 2.510329246520996 9.351449966430664
 2.509951114654541 8.847041130065918
 2.3416366577148438 8.751769065856934
 2.54988431930542 7.586278438568115
 2.3394031524658203 7.109976291656494
 2.3928232192993164 5.022824764251709
 2.378983974456787 4.616412162780762
 2.3482208251953125 2.9202802181243896
 4.373047351837158 2.9764351844787598
 4.557438850402832 2.960909128189087
 6.623111248016357 2.9450087547302246
 1.0690239667892456 10.059088706970215
 1.059688687324524 9.168169021606445
 1.0680097341537476 9.004073143005371
 1.0508416891098022 8.114483833312988
 -0.14097964763641357 8.090372085571289
 -0.13259685039520264 8.523798942565918
 -2.2429356575012207 8.507564544677734
 -2.2406845092773438 10.30085277557373
 -0.941604733467102 8.014577865600586
 -2.2125461101531982 8.055173873901367
 -2.183046817779541 7.345635414123535
 -0.9502639174461365 7.362631320953369
 -0.6941696405410767 6.166136741638184
 -1.1405484676361084 6.166536331176758
 -1.312383770942688 6.306893348693848
 -1.756921648979187 6.266165733337402
 -1.788597583770752 6.103532314300537
 -2.44205379486084 6.09509801864624
 -2.4120774269104004 4.644113540649414
 -1.9463597536087036 4.61134147644043
 -1.89228093624115 4.151589870452881
 -1.3069261312484741 4.217292785644531
 -0.939375638961792 4.2792816162109375
 -0.5078544020652771 4.268932819366455
 -0.5070669054985046 4.904778480529785
 -0.7504131197929382 4.905254364013672
 -2.4216158390045166 3.3027262687683105
 -0.7131247520446777 3.3146510124206543
 -0.650397002696991 1.268885850906372
 -2.3828608989715576 1.2574723958969116
 -6.828399658203125 10.307541847229004
 -6.830132007598877 8.055989265441895
 -6.688787937164307 8.05383014678955
 -6.696839332580566 7.921380043029785
 -6.845701217651367 7.912621021270752
 -4.848385810852051 8.070192337036133
 -4.689190864562988 8.07177448272705
 -4.849429607391357 7.896940231323242
 -4.6895856857299805 7.911633491516113
 -4.8249664306640625 3.5077290534973145
 -4.690506935119629 3.5028982162475586
 -4.674735069274902 3.3486814498901367
 -4.8551554679870605 3.3282105922698975
 -6.630250453948975 3.5147318840026855
 -6.792696952819824 3.509648561477661
 -6.631026268005371 3.3575146198272705
 -6.783359050750732 3.357485055923462
 -4.672179222106934 -0.9793493151664734
 -4.847209453582764 -0.9836013317108154
 -4.839239597320557 -1.1665748357772827
 -4.6845808029174805 -1.1581993103027344
 -6.642724990844727 -0.9893651604652405
 -6.81088924407959 -0.9937120079994202
 -6.631015300750732 -1.195245385169983
 -6.789675712585449 -1.1909104585647583
 -4.667316913604736 -5.334808349609375
 -4.695453643798828 -5.537078380584717
 -4.82735538482666 -5.340367794036865
 -4.838183879852295 -5.532014846801758
 -6.805987358093262 -5.3404107093811035
 -6.64381217956543 -5.344967365264893
 -6.654217720031738 -5.5249409675598145
 -6.800911903381348 -5.541316509246826
 -4.893468856811523 -9.828805923461914
 -4.734243392944336 -9.83563232421875
 -4.72697114944458 -10.005194664001465
 -4.889967918395996 -9.990066528320312
 -6.836065292358398 -9.777321815490723
 -6.684049129486084 -9.780820846557617
 -6.69244909286499 -9.926827430725098
 -6.836661338806152 -9.952579498291016
 -6.844408988952637 -10.287089347839355
 -1.184083104133606 -5.9456400871276855
 -2.369760513305664 -5.932211875915527
 -2.3710293769836426 -6.8444132804870605
 -1.20711088180542 -6.83939790725708
 -1.1421351432800293 -7.106011390686035
 -1.114963412284851 -8.597511291503906
 -2.0775163173675537 -7.082237243652344
 -2.1150617599487305 -8.577531814575195
 -0.36773359775543213 -9.273504257202148
 -0.5289725661277771 -9.279296875
 -0.4965069890022278 -9.43433666229248
 -0.7391077280044556 -9.434288024902344
 -0.7392571568489075 -9.59128189086914
 -0.540397047996521 -9.739248275756836
 -0.3908143639564514 -9.709263801574707
 6.795896530151367 -10.28675651550293
 2.787397861480713 -9.095475196838379
 2.7760143280029297 -8.875348091125488
 4.701252460479736 -9.107349395751953
 4.77185583114624 -9.025150299072266
 4.697650909423828 -8.879170417785645
 4.713212013244629 -9.032020568847656
 4.775335311889648 -9.102113723754883
 4.7755842208862305 -8.875715255737305
 2.7613916397094727 -8.183703422546387
 2.831322431564331 -8.186592102050781
 2.8847439289093018 -8.302566528320312
 2.7650716304779053 -8.295598983764648
 4.710103988647461 -8.1941556930542
 4.77669095993042 -8.179197311401367
 4.786501884460449 -8.264415740966797
 4.698028087615967 -8.296476364135742
 2.8169541358947754 -7.239216327667236
 2.7555887699127197 -6.871723651885986
 2.8290135860443115 -6.882589817047119
 4.696070671081543 -7.2092132568359375
 4.699620246887207 -7.126464366912842
 4.7776994705200195 -7.197172164916992
 4.777558326721191 -7.134243011474609
 4.766151428222656 -7.056963920593262
 4.715997695922852 -6.927328109741211
 4.78852653503418 -6.926301002502441
 4.770902633666992 -6.414100170135498
 4.712262153625488 -6.367651462554932
 4.712405204772949 -6.281163215637207
 4.78492546081543 -6.27230167388916
 2.8645448684692383 -6.402248859405518
 2.7795987129211426 -6.395965576171875
 2.7602710723876953 -6.287439346313477
 2.8727869987487793 -6.275491237640381
 2.7970783710479736 -5.304164886474609
 2.8704049587249756 -5.2962117195129395
 2.743623733520508 -5.025699615478516
 2.8556132316589355 -5.056577205657959
 4.703510284423828 -5.028805732727051
 4.706900596618652 -5.251563549041748
 4.781092643737793 -5.30643367767334
 4.786925315856934 -5.016439437866211
 4.7743377685546875 -4.46106481552124
 4.696529388427734 -4.367055892944336
 4.791316032409668 -4.377459526062012
 2.7559561729431152 -4.368618965148926
 2.859879493713379 -4.3784379959106445
 2.8016109466552734 -4.510296821594238
 2.7855095863342285 -3.5038511753082275
 2.865780830383301 -3.486205816268921
 2.823641300201416 -3.181469440460205
 4.732172012329102 -3.229213237762451
 4.7881646156311035 -3.225370407104492
 4.775149345397949 -3.3493285179138184
 4.727896213531494 -3.426755905151367
 4.774657249450684 -3.5038862228393555
 4.706981658935547 -2.659552574157715
 4.780140399932861 -2.6508045196533203
 4.7756028175354 -2.573821544647217
 4.711446762084961 -2.564986228942871
 2.7945351600646973 -2.579158306121826
 2.8749711513519287 -2.5692105293273926
 2.798739433288574 -2.6429972648620605
 2.8796420097351074 -2.7055463790893555
 2.885432243347168 -1.7390912771224976
 2.8005309104919434 -1.7450703382492065
 2.8062965869903564 -1.6423008441925049
 2.8550641536712646 -1.6243678331375122
 2.867260694503784 -1.5517507791519165
 2.8067374229431152 -1.545893669128418
 2.8069591522216797 -1.4552266597747803
 2.8665878772735596 -1.443052053451538
 4.843317985534668 -1.7462083101272583
 4.714093208312988 -1.703755259513855
 4.812986373901367 -1.4236620664596558
 4.708961486816406 -1.430003046989441
 4.832024574279785 -0.8333867788314819
 4.75196647644043 0.9535996317863464
 4.789793968200684 1.026871681213379
 4.740569114685059 1.020608901977539
 2.859332799911499 1.014829158782959
 2.8047947883605957 0.9968240261077881
 2.7753326892852783 0.9424136877059937
 6.661315441131592 0.9503782987594604
 6.674950122833252 0.3684390187263489
 6.652531147003174 0.2446160912513733
 6.665341377258301 0.15856437385082245
 6.722609996795654 0.1608772575855255
 6.731328964233398 -0.7764278650283813
 6.6623148918151855 -0.7715631723403931
 6.666719436645508 -0.8383603096008301
 6.730242729187012 -1.4269273281097412
 6.6633453369140625 -1.4387454986572266
 6.663181304931641 -1.531799554824829
 6.665457725524902 -1.6294934749603271
 6.648118019104004 -1.6887699365615845
 6.725176811218262 -1.6892907619476318
 6.712289810180664 -2.5644237995147705
 6.712101936340332 -2.6405811309814453
 6.662235260009766 -2.5881502628326416
 6.6527557373046875 -2.6524877548217773
 6.649418354034424 -3.2271695137023926
 6.665571212768555 -3.3301520347595215
 6.670657157897949 -3.432924270629883
 6.682183742523193 -3.4875380992889404
 6.652390956878662 -4.384851932525635
 6.677798748016357 -5.016715049743652
 6.632012367248535 -5.085010051727295
 6.67498779296875 -5.2360734939575195
 6.673066139221191 -6.273265361785889
 6.670614719390869 -6.325613498687744
 6.598026752471924 -6.342371940612793
 6.6671037673950195 -6.933648109436035
 6.616728782653809 -6.930706977844238
 6.6746416091918945 -6.9888081550598145
 6.609938144683838 -6.99261999130249
 6.660098552703857 -7.129377365112305
 6.600131034851074 -7.135746002197266
 6.6667327880859375 -7.188869476318359
 6.615740776062012 -8.225445747375488
 6.605426788330078 -8.872547149658203
 6.6756439208984375 -8.2249174118042
 6.679870128631592 -8.864656448364258
 6.602445602416992 -9.092077255249023
 6.6819586753845215 -9.095745086669922
